KG1 lines of sight, obtained from drawing K09000100 Issue E dated 16/01/99 (20°-320°) -resampling using cubic interpolation A.Boboc 27/01/2014
Temperature R1 R2 R3 R4 R5 R6 R7 R8 Z1 Z2 Z3 Z4 Z5 Z6 Z7 Z8 A1 A2 A3 A4 A5 A6 A7 A8 
deg.C m m m m m m m m m m m m m m m m rad rad rad rad rad rad rad rad 
20 1.885 2.6969 3.034 3.73 3 3 3 3 0 0 0 0 -0.6073 -0.3727 -0.1468 0.1862 1.5708 1.5705 -1.5669 1.5708 0.3901 0.1681 -0.0389 -0.2437 
21 1.885 2.697 3.0341 3.73 3 3 3 3 0 0 0 0 -0.60732 -0.37271 -0.1468 0.18621 1.5708 1.5705 -1.5669 1.5708 0.3901 0.1681 -0.0389 -0.2437 
22 1.8851 2.697 3.0341 3.7301 3 3 3 3 0 0 0 0 -0.60734 -0.37272 -0.1468 0.18622 1.5708 1.5705 -1.5669 1.5708 0.3901 0.1681 -0.0389 -0.2437 
23 1.8851 2.6971 3.0342 3.7301 3 3 3 3 0 0 0 0 -0.60736 -0.37273 -0.1468 0.18623 1.5708 1.5705 -1.5669 1.5708 0.3901 0.1681 -0.0389 -0.2437 
24 1.8851 2.6971 3.0342 3.7302 3 3 3 3 0 0 0 0 -0.60738 -0.37274 -0.1468 0.18624 1.5708 1.5705 -1.5669 1.5708 0.3901 0.1681 -0.0389 -0.2437 
25 1.8852 2.6972 3.0343 3.7302 3 3 3 3 0 0 0 0 -0.6074 -0.37275 -0.1468 0.18625 1.5708 1.5705 -1.5669 1.5708 0.3901 0.1681 -0.0389 -0.2437 
26 1.8852 2.6972 3.0343 3.7303 3 3 3 3 0 0 0 0 -0.60742 -0.37276 -0.1468 0.18626 1.5708 1.5705 -1.5669 1.5708 0.3901 0.1681 -0.0389 -0.2437 
27 1.8852 2.6973 3.0344 3.7303 3 3 3 3 0 0 0 0 -0.60745 -0.37277 -0.1468 0.18627 1.5708 1.5705 -1.5669 1.5708 0.3901 0.1681 -0.0389 -0.2437 
28 1.8853 2.6973 3.0344 3.7304 3 3 3 3 0 0 0 0 -0.60747 -0.37279 -0.1468 0.18628 1.5708 1.5705 -1.5669 1.5708 0.3901 0.1681 -0.0389 -0.2437 
29 1.8853 2.6974 3.0345 3.7304 3 3 3 3 0 0 0 0 -0.60749 -0.3728 -0.1468 0.18629 1.5708 1.5705 -1.5669 1.5708 0.3901 0.1681 -0.0389 -0.2437 
30 1.8853 2.6974 3.0345 3.7305 3 3 3 3 0 0 0 0 -0.60751 -0.37281 -0.1468 0.1863 1.5708 1.5705 -1.5669 1.5708 0.3901 0.1681 -0.0389 -0.2437 
31 1.8854 2.6975 3.0346 3.7305 3 3 3 3 0 0 0 0 -0.60753 -0.37282 -0.1468 0.18631 1.5708 1.5705 -1.5669 1.5708 0.3901 0.1681 -0.0389 -0.2437 
32 1.8854 2.6975 3.0346 3.7306 3 3 3 3 0 0 0 0 -0.60755 -0.37283 -0.1468 0.18632 1.5708 1.5705 -1.5669 1.5708 0.3901 0.1681 -0.0389 -0.2437 
33 1.8854 2.6976 3.0347 3.7306 3 3 3 3 0 0 0 0 -0.60757 -0.37284 -0.1468 0.18633 1.5708 1.5705 -1.5669 1.5708 0.3901 0.1681 -0.0389 -0.2437 
34 1.8855 2.6976 3.0347 3.7306 3 3 3 3 0 0 0 0 -0.60759 -0.37285 -0.1468 0.18634 1.5708 1.5705 -1.5669 1.5708 0.3901 0.1681 -0.0389 -0.2437 
35 1.8855 2.6977 3.0348 3.7307 3 3 3 3 0 0 0 0 -0.60761 -0.37286 -0.1468 0.18635 1.5708 1.5705 -1.5669 1.5708 0.3901 0.1681 -0.0389 -0.2437 
36 1.8855 2.6977 3.0348 3.7307 3 3 3 3 0 0 0 0 -0.60763 -0.37287 -0.1468 0.18636 1.5708 1.5705 -1.5669 1.5708 0.3901 0.1681 -0.0389 -0.2437 
37 1.8856 2.6978 3.0349 3.7308 3 3 3 3 0 0 0 0 -0.60765 -0.37288 -0.1468 0.18637 1.5708 1.5705 -1.5669 1.5708 0.3901 0.1681 -0.0389 -0.2437 
38 1.8856 2.6978 3.0349 3.7308 3 3 3 3 0 0 0 0 -0.60767 -0.37289 -0.1468 0.18638 1.5708 1.5705 -1.5669 1.5708 0.3901 0.1681 -0.0389 -0.2437 
39 1.8856 2.6979 3.035 3.7309 3 3 3 3 0 0 0 0 -0.6077 -0.3729 -0.1468 0.18639 1.5708 1.5705 -1.5669 1.5708 0.3901 0.1681 -0.0389 -0.2437 
40 1.8857 2.6979 3.035 3.7309 3 3 3 3 0 0 0 0 -0.60772 -0.37291 -0.1468 0.1864 1.5708 1.5705 -1.5669 1.5708 0.3901 0.1681 -0.0389 -0.2437 
41 1.8857 2.698 3.035 3.731 3 3 3 3 0 0 0 0 -0.60774 -0.37292 -0.1468 0.18641 1.5708 1.5705 -1.5669 1.5708 0.3901 0.1681 -0.0389 -0.2437 
42 1.8857 2.698 3.0351 3.731 3 3 3 3 0 0 0 0 -0.60776 -0.37293 -0.1468 0.18642 1.5708 1.5705 -1.5669 1.5708 0.3901 0.1681 -0.0389 -0.2437 
43 1.8858 2.6981 3.0351 3.7311 3 3 3 3 0 0 0 0 -0.60778 -0.37295 -0.1468 0.18643 1.5708 1.5705 -1.5669 1.5708 0.3901 0.1681 -0.0389 -0.2437 
44 1.8858 2.6981 3.0352 3.7311 3 3 3 3 0 0 0 0 -0.6078 -0.37296 -0.1468 0.18645 1.5708 1.5705 -1.5669 1.5708 0.3901 0.1681 -0.0389 -0.2437 
45 1.8858 2.6982 3.0352 3.7311 3 3 3 3 0 0 0 0 -0.60782 -0.37297 -0.1468 0.18646 1.5708 1.5705 -1.5669 1.5708 0.3901 0.1681 -0.0389 -0.2437 
46 1.8859 2.6982 3.0353 3.7312 3 3 3 3 0 0 0 0 -0.60784 -0.37298 -0.1468 0.18647 1.5708 1.5705 -1.5669 1.5708 0.3901 0.1681 -0.0389 -0.2437 
47 1.8859 2.6983 3.0353 3.7312 3 3 3 3 0 0 0 0 -0.60786 -0.37299 -0.1468 0.18648 1.5708 1.5705 -1.5669 1.5708 0.3901 0.1681 -0.0389 -0.2437 
48 1.8859 2.6983 3.0354 3.7313 3 3 3 3 0 0 0 0 -0.60789 -0.373 -0.1468 0.18649 1.5708 1.5705 -1.5669 1.5708 0.3901 0.1681 -0.0389 -0.2437 
49 1.886 2.6984 3.0354 3.7313 3 3 3 3 0 0 0 0 -0.60791 -0.37301 -0.1468 0.1865 1.5708 1.5705 -1.5669 1.5708 0.3901 0.1681 -0.0389 -0.2437 
50 1.886 2.6984 3.0355 3.7314 3 3 3 3 0 0 0 0 -0.60793 -0.37302 -0.1468 0.18651 1.5708 1.5705 -1.5669 1.5708 0.3901 0.1681 -0.0389 -0.2437 
51 1.886 2.6985 3.0355 3.7314 3 3 3 3 0 0 0 0 -0.60795 -0.37303 -0.1468 0.18652 1.5708 1.5705 -1.5669 1.5708 0.3901 0.1681 -0.0389 -0.2437 
52 1.8861 2.6985 3.0356 3.7315 3 3 3 3 0 0 0 0 -0.60797 -0.37304 -0.1468 0.18653 1.5708 1.5705 -1.5669 1.5708 0.3901 0.1681 -0.0389 -0.2437 
53 1.8861 2.6985 3.0356 3.7315 3 3 3 3 0 0 0 0 -0.60799 -0.37305 -0.1468 0.18654 1.5708 1.5705 -1.5669 1.5708 0.3901 0.1681 -0.0389 -0.2437 
54 1.8861 2.6986 3.0356 3.7316 3 3 3 3 0 0 0 0 -0.60801 -0.37306 -0.1468 0.18655 1.5708 1.5705 -1.5669 1.5708 0.3901 0.1681 -0.0389 -0.2437 
55 1.8862 2.6986 3.0357 3.7316 3 3 3 3 0 0 0 0 -0.60803 -0.37307 -0.1468 0.18656 1.5708 1.5705 -1.5669 1.5708 0.3901 0.1681 -0.0389 -0.2437 
56 1.8862 2.6987 3.0357 3.7316 3 3 3 3 0 0 0 0 -0.60806 -0.37308 -0.1468 0.18657 1.5708 1.5705 -1.5669 1.5708 0.3901 0.1681 -0.0389 -0.2437 
57 1.8862 2.6987 3.0358 3.7317 3 3 3 3 0 0 0 0 -0.60808 -0.37309 -0.1468 0.18658 1.5708 1.5705 -1.5669 1.5708 0.3901 0.1681 -0.0389 -0.2437 
58 1.8862 2.6988 3.0358 3.7317 3 3 3 3 0 0 0 0 -0.6081 -0.37311 -0.1468 0.18659 1.5708 1.5705 -1.5669 1.5708 0.3901 0.1681 -0.0389 -0.2437 
59 1.8863 2.6988 3.0359 3.7318 3 3 3 3 0 0 0 0 -0.60812 -0.37312 -0.1468 0.1866 1.5708 1.5705 -1.5669 1.5708 0.3901 0.1681 -0.0389 -0.2437 
60 1.8863 2.6988 3.0359 3.7318 3 3 3 3 0 0 0 0 -0.60814 -0.37313 -0.1468 0.18661 1.5708 1.5705 -1.5669 1.5708 0.3901 0.1681 -0.0389 -0.2437 
61 1.8863 2.6989 3.0359 3.7319 3 3 3 3 0 0 0 0 -0.60816 -0.37314 -0.1468 0.18663 1.5708 1.5705 -1.5669 1.5708 0.3901 0.1681 -0.0389 -0.2437 
62 1.8864 2.6989 3.036 3.7319 3 3 3 3 0 0 0 0 -0.60818 -0.37315 -0.1468 0.18664 1.5708 1.5705 -1.5669 1.5708 0.3901 0.1681 -0.0389 -0.2437 
63 1.8864 2.699 3.036 3.732 3 3 3 3 0 0 0 0 -0.60821 -0.37316 -0.1468 0.18665 1.5708 1.5705 -1.5669 1.5708 0.3901 0.1681 -0.0389 -0.2437 
64 1.8864 2.699 3.0361 3.732 3 3 3 3 0 0 0 0 -0.60823 -0.37317 -0.1468 0.18666 1.5708 1.5705 -1.5669 1.5708 0.3901 0.1681 -0.0389 -0.2437 
65 1.8865 2.699 3.0361 3.7321 3 3 3 3 0 0 0 0 -0.60825 -0.37318 -0.1468 0.18667 1.5708 1.5705 -1.5669 1.5708 0.3901 0.1681 -0.0389 -0.2437 
66 1.8865 2.6991 3.0362 3.7321 3 3 3 3 0 0 0 0 -0.60827 -0.37319 -0.1468 0.18668 1.5708 1.5705 -1.5669 1.5708 0.3901 0.1681 -0.0389 -0.2437 
67 1.8865 2.6991 3.0362 3.7321 3 3 3 3 0 0 0 0 -0.60829 -0.3732 -0.1468 0.18669 1.5708 1.5705 -1.5669 1.5708 0.3901 0.1681 -0.0389 -0.2437 
68 1.8865 2.6992 3.0362 3.7322 3 3 3 3 0 0 0 0 -0.60831 -0.37321 -0.1468 0.1867 1.5708 1.5705 -1.5669 1.5708 0.3901 0.1681 -0.0389 -0.2437 
69 1.8866 2.6992 3.0363 3.7322 3 3 3 3 0 0 0 0 -0.60833 -0.37322 -0.1468 0.18671 1.5708 1.5705 -1.567 1.5708 0.3901 0.1681 -0.0389 -0.2437 
70 1.8866 2.6992 3.0363 3.7323 3 3 3 3 0 0 0 0 -0.60836 -0.37323 -0.1468 0.18672 1.5708 1.5705 -1.567 1.5708 0.3901 0.1681 -0.0389 -0.2437 
71 1.8866 2.6993 3.0364 3.7323 3 3 3 3 0 0 0 0 -0.60838 -0.37324 -0.1468 0.18673 1.5708 1.5705 -1.567 1.5708 0.3901 0.1681 -0.0389 -0.2437 
72 1.8867 2.6993 3.0364 3.7324 3 3 3 3 0 0 0 0 -0.6084 -0.37325 -0.1468 0.18674 1.5708 1.5705 -1.567 1.5708 0.3901 0.1681 -0.0389 -0.2437 
73 1.8867 2.6993 3.0364 3.7324 3 3 3 3 0 0 0 0 -0.60842 -0.37327 -0.1468 0.18676 1.5708 1.5705 -1.567 1.5708 0.3901 0.1681 -0.0389 -0.2437 
74 1.8867 2.6994 3.0365 3.7325 3 3 3 3 0 0 0 0 -0.60844 -0.37328 -0.1468 0.18677 1.5708 1.5705 -1.567 1.5708 0.3901 0.1681 -0.0389 -0.2437 
75 1.8868 2.6994 3.0365 3.7325 3 3 3 3 0 0 0 0 -0.60846 -0.37329 -0.1468 0.18678 1.5708 1.5705 -1.567 1.5708 0.3901 0.1681 -0.0389 -0.2437 
76 1.8868 2.6995 3.0365 3.7325 3 3 3 3 0 0 0 0 -0.60849 -0.3733 -0.1468 0.18679 1.5708 1.5705 -1.567 1.5708 0.3901 0.1681 -0.0389 -0.2437 
77 1.8868 2.6995 3.0366 3.7326 3 3 3 3 0 0 0 0 -0.60851 -0.37331 -0.1468 0.1868 1.5708 1.5705 -1.567 1.5708 0.3901 0.1681 -0.0389 -0.2437 
78 1.8868 2.6995 3.0366 3.7326 3 3 3 3 0 0 0 0 -0.60853 -0.37332 -0.1468 0.18681 1.5708 1.5705 -1.567 1.5708 0.3901 0.1681 -0.0389 -0.2437 
79 1.8869 2.6996 3.0367 3.7327 3 3 3 3 0 0 0 0 -0.60855 -0.37333 -0.1468 0.18682 1.5708 1.5705 -1.567 1.5708 0.3901 0.1681 -0.0389 -0.2437 
80 1.8869 2.6996 3.0367 3.7327 3 3 3 3 0 0 0 0 -0.60857 -0.37334 -0.1468 0.18683 1.5708 1.5705 -1.567 1.5708 0.3901 0.1681 -0.0389 -0.2437 
81 1.8869 2.6996 3.0367 3.7328 3 3 3 3 0 0 0 0 -0.60859 -0.37335 -0.1468 0.18684 1.5708 1.5705 -1.567 1.5708 0.3901 0.1681 -0.0389 -0.2437 
82 1.8869 2.6996 3.0368 3.7328 3 3 3 3 0 0 0 0 -0.60862 -0.37336 -0.1468 0.18685 1.5708 1.5705 -1.567 1.5708 0.3901 0.1681 -0.0389 -0.2437 
83 1.887 2.6997 3.0368 3.7329 3 3 3 3 0 0 0 0 -0.60864 -0.37337 -0.1468 0.18687 1.5708 1.5705 -1.567 1.5708 0.3901 0.1681 -0.0389 -0.2437 
84 1.887 2.6997 3.0368 3.7329 3 3 3 3 0 0 0 0 -0.60866 -0.37338 -0.1468 0.18688 1.5708 1.5705 -1.567 1.5708 0.3901 0.1681 -0.0389 -0.2437 
85 1.887 2.6997 3.0369 3.733 3 3 3 3 0 0 0 0 -0.60868 -0.37339 -0.1468 0.18689 1.5708 1.5705 -1.567 1.5708 0.3901 0.1681 -0.0389 -0.2437 
86 1.8871 2.6998 3.0369 3.733 3 3 3 3 0 0 0 0 -0.6087 -0.3734 -0.1468 0.1869 1.5708 1.5705 -1.567 1.5708 0.3901 0.1681 -0.0389 -0.2437 
87 1.8871 2.6998 3.0369 3.733 3 3 3 3 0 0 0 0 -0.60872 -0.37341 -0.1468 0.18691 1.5708 1.5705 -1.567 1.5708 0.3901 0.1681 -0.0389 -0.2437 
88 1.8871 2.6998 3.037 3.7331 3 3 3 3 0 0 0 0 -0.60875 -0.37343 -0.1468 0.18692 1.5708 1.5705 -1.567 1.5708 0.3901 0.1681 -0.0389 -0.2437 
89 1.8871 2.6999 3.037 3.7331 3 3 3 3 0 0 0 0 -0.60877 -0.37344 -0.1468 0.18693 1.5708 1.5705 -1.567 1.5708 0.3901 0.1681 -0.0389 -0.2437 
90 1.8872 2.6999 3.037 3.7332 3 3 3 3 0 0 0 0 -0.60879 -0.37345 -0.1468 0.18694 1.5708 1.5705 -1.567 1.5708 0.3901 0.1681 -0.0389 -0.2437 
91 1.8872 2.6999 3.0371 3.7332 3 3 3 3 0 0 0 0 -0.60881 -0.37346 -0.1468 0.18695 1.5708 1.5705 -1.567 1.5708 0.3901 0.1681 -0.0389 -0.2437 
92 1.8872 2.6999 3.0371 3.7333 3 3 3 3 0 0 0 0 -0.60883 -0.37347 -0.1468 0.18697 1.5708 1.5705 -1.567 1.5708 0.3901 0.1681 -0.0389 -0.2437 
93 1.8872 2.7 3.0371 3.7333 3 3 3 3 0 0 0 0 -0.60886 -0.37348 -0.1468 0.18698 1.5708 1.5705 -1.567 1.5708 0.3901 0.1681 -0.0389 -0.2437 
94 1.8873 2.7 3.0372 3.7334 3 3 3 3 0 0 0 0 -0.60888 -0.37349 -0.1468 0.18699 1.5708 1.5705 -1.567 1.5708 0.3901 0.1681 -0.0389 -0.2437 
95 1.8873 2.7 3.0372 3.7334 3 3 3 3 0 0 0 0 -0.6089 -0.3735 -0.1468 0.187 1.5708 1.5705 -1.567 1.5708 0.3901 0.1681 -0.0389 -0.2437 
96 1.8873 2.7 3.0372 3.7334 3 3 3 3 0 0 0 0 -0.60892 -0.37351 -0.1468 0.18701 1.5708 1.5705 -1.567 1.5708 0.3901 0.1681 -0.0389 -0.2437 
97 1.8874 2.7 3.0373 3.7335 3 3 3 3 0 0 0 0 -0.60894 -0.37352 -0.1468 0.18702 1.5708 1.5705 -1.567 1.5708 0.3901 0.1681 -0.0389 -0.2437 
98 1.8874 2.7001 3.0373 3.7335 3 3 3 3 0 0 0 0 -0.60897 -0.37353 -0.1468 0.18703 1.5708 1.5705 -1.567 1.5708 0.3901 0.1681 -0.0389 -0.2437 
99 1.8874 2.7001 3.0373 3.7336 3 3 3 3 0 0 0 0 -0.60899 -0.37354 -0.1468 0.18705 1.5708 1.5705 -1.567 1.5708 0.3901 0.1681 -0.0389 -0.2437 
100 1.8874 2.7001 3.0373 3.7336 3 3 3 3 0 0 0 0 -0.60901 -0.37355 -0.1468 0.18706 1.5708 1.5705 -1.567 1.5708 0.3901 0.1681 -0.0389 -0.2437 
101 1.8875 2.7001 3.0374 3.7337 3 3 3 3 0 0 0 0 -0.60903 -0.37356 -0.1468 0.18707 1.5708 1.5705 -1.567 1.5708 0.3901 0.1681 -0.0389 -0.2437 
102 1.8875 2.7002 3.0374 3.7337 3 3 3 3 0 0 0 0 -0.60905 -0.37357 -0.1468 0.18708 1.5708 1.5705 -1.567 1.5708 0.3901 0.1681 -0.0389 -0.2437 
103 1.8875 2.7002 3.0374 3.7338 3 3 3 3 0 0 0 0 -0.60908 -0.37358 -0.1468 0.18709 1.5708 1.5705 -1.567 1.5708 0.3901 0.1681 -0.0389 -0.2437 
104 1.8875 2.7002 3.0375 3.7338 3 3 3 3 0 0 0 0 -0.6091 -0.3736 -0.1468 0.1871 1.5708 1.5705 -1.567 1.5708 0.3901 0.1681 -0.0389 -0.2437 
105 1.8876 2.7002 3.0375 3.7338 3 3 3 3 0 0 0 0 -0.60912 -0.37361 -0.1468 0.18712 1.5708 1.5705 -1.567 1.5708 0.3901 0.1681 -0.0389 -0.2437 
106 1.8876 2.7002 3.0375 3.7339 3 3 3 3 0 0 0 0 -0.60914 -0.37362 -0.14681 0.18713 1.5708 1.5705 -1.567 1.5708 0.3901 0.1681 -0.0389 -0.2437 
107 1.8876 2.7003 3.0375 3.7339 3 3 3 3 0 0 0 0 -0.60917 -0.37363 -0.14681 0.18714 1.5708 1.5705 -1.567 1.5708 0.3901 0.1681 -0.0389 -0.2437 
108 1.8876 2.7003 3.0376 3.734 3 3 3 3 0 0 0 0 -0.60919 -0.37364 -0.14681 0.18715 1.5708 1.5705 -1.567 1.5708 0.3901 0.1681 -0.0389 -0.2437 
109 1.8877 2.7003 3.0376 3.734 3 3 3 3 0 0 0 0 -0.60921 -0.37365 -0.14681 0.18716 1.5708 1.5705 -1.567 1.5708 0.3901 0.1681 -0.0389 -0.2437 
110 1.8877 2.7003 3.0376 3.7341 3 3 3 3 0 0 0 0 -0.60923 -0.37366 -0.14681 0.18717 1.5708 1.5705 -1.567 1.5708 0.3901 0.1681 -0.0389 -0.2437 
111 1.8877 2.7003 3.0377 3.7341 3 3 3 3 0 0 0 0 -0.60925 -0.37367 -0.14681 0.18719 1.5708 1.5705 -1.567 1.5708 0.3901 0.1681 -0.0389 -0.2437 
112 1.8877 2.7004 3.0377 3.7341 3 3 3 3 0 0 0 0 -0.60928 -0.37368 -0.14681 0.1872 1.5708 1.5705 -1.5671 1.5708 0.3901 0.1681 -0.0389 -0.2437 
113 1.8878 2.7004 3.0377 3.7342 3 3 3 3 0 0 0 0 -0.6093 -0.37369 -0.14681 0.18721 1.5708 1.5705 -1.5671 1.5708 0.3901 0.1681 -0.0389 -0.2437 
114 1.8878 2.7004 3.0377 3.7342 3 3 3 3 0 0 0 0 -0.60932 -0.3737 -0.14682 0.18722 1.5708 1.5705 -1.5671 1.5708 0.3901 0.1681 -0.0389 -0.2437 
115 1.8878 2.7004 3.0378 3.7343 3 3 3 3 0 0 0 0 -0.60934 -0.37371 -0.14682 0.18724 1.5708 1.5704 -1.5671 1.5708 0.3901 0.1681 -0.0389 -0.2437 
116 1.8878 2.7004 3.0378 3.7343 3 3 3 3 0 0 0 0 -0.60937 -0.37372 -0.14682 0.18725 1.5708 1.5704 -1.5671 1.5708 0.3901 0.1681 -0.0389 -0.2437 
117 1.8878 2.7004 3.0378 3.7344 3 3 3 3 0 0 0 0 -0.60939 -0.37373 -0.14682 0.18726 1.5708 1.5704 -1.5671 1.5708 0.3901 0.1681 -0.0389 -0.2437 
118 1.8879 2.7005 3.0378 3.7344 3 3 3 3 0 0 0 0 -0.60941 -0.37374 -0.14682 0.18727 1.5708 1.5704 -1.5671 1.5708 0.3901 0.1681 -0.0389 -0.2437 
119 1.8879 2.7005 3.0379 3.7345 3 3 3 3 0 0 0 0 -0.60943 -0.37375 -0.14682 0.18728 1.5708 1.5704 -1.5671 1.5708 0.3901 0.1681 -0.0389 -0.2437 
120 1.8879 2.7005 3.0379 3.7345 3 3 3 3 0 0 0 0 -0.60946 -0.37376 -0.14683 0.1873 1.5708 1.5704 -1.5671 1.5708 0.3901 0.1681 -0.0389 -0.2437 
121 1.8879 2.7005 3.0379 3.7345 3 3 3 3 0 0 0 0 -0.60948 -0.37377 -0.14683 0.18731 1.5708 1.5704 -1.5671 1.5708 0.3901 0.1681 -0.0389 -0.2437 
122 1.888 2.7005 3.0379 3.7346 3 3 3 3 0 0 0 0 -0.6095 -0.37378 -0.14683 0.18732 1.5708 1.5704 -1.5671 1.5708 0.3901 0.1681 -0.0389 -0.2437 
123 1.888 2.7005 3.038 3.7346 3 3 3 3 0 0 0 0 -0.60952 -0.3738 -0.14683 0.18733 1.5708 1.5704 -1.5671 1.5708 0.3901 0.1681 -0.0389 -0.2437 
124 1.888 2.7006 3.038 3.7347 3 3 3 3 0 0 0 0 -0.60955 -0.37381 -0.14683 0.18735 1.5708 1.5704 -1.5671 1.5708 0.3901 0.1681 -0.0389 -0.2437 
125 1.888 2.7006 3.038 3.7347 3 3 3 3 0 0 0 0 -0.60957 -0.37382 -0.14684 0.18736 1.5708 1.5704 -1.5671 1.5708 0.3901 0.1681 -0.0389 -0.2437 
126 1.8881 2.7006 3.038 3.7348 3 3 3 3 0 0 0 0 -0.60959 -0.37383 -0.14684 0.18737 1.5708 1.5704 -1.5671 1.5708 0.3901 0.1681 -0.0389 -0.2437 
127 1.8881 2.7006 3.0381 3.7348 3 3 3 3 0 0 0 0 -0.60961 -0.37384 -0.14684 0.18738 1.5708 1.5704 -1.5671 1.5708 0.3901 0.1681 -0.0389 -0.2437 
128 1.8881 2.7006 3.0381 3.7348 3 3 3 3 0 0 0 0 -0.60964 -0.37385 -0.14684 0.18739 1.5708 1.5704 -1.5671 1.5708 0.3901 0.1681 -0.0389 -0.2437 
129 1.8881 2.7006 3.0381 3.7349 3 3 3 3 0 0 0 0 -0.60966 -0.37386 -0.14684 0.18741 1.5708 1.5704 -1.5671 1.5708 0.3901 0.1681 -0.0389 -0.2437 
130 1.8882 2.7007 3.0381 3.7349 3 3 3 3 0 0 0 0 -0.60968 -0.37387 -0.14685 0.18742 1.5708 1.5704 -1.5671 1.5708 0.3901 0.1681 -0.0389 -0.2437 
131 1.8882 2.7007 3.0381 3.735 3 3 3 3 0 0 0 0 -0.60971 -0.37388 -0.14685 0.18743 1.5708 1.5704 -1.5671 1.5708 0.3901 0.1681 -0.0389 -0.2437 
132 1.8882 2.7007 3.0382 3.735 3 3 3 3 0 0 0 0 -0.60973 -0.37389 -0.14685 0.18744 1.5708 1.5703 -1.5671 1.5708 0.3901 0.1681 -0.0389 -0.2437 
133 1.8882 2.7007 3.0382 3.7351 3 3 3 3 0 0 0 0 -0.60975 -0.3739 -0.14685 0.18746 1.5708 1.5703 -1.5671 1.5708 0.3901 0.1681 -0.0389 -0.2437 
134 1.8882 2.7007 3.0382 3.7351 3 3 3 3 0 0 0 0 -0.60977 -0.37391 -0.14685 0.18747 1.5708 1.5703 -1.5671 1.5708 0.3901 0.1681 -0.0389 -0.2437 
135 1.8883 2.7007 3.0382 3.7351 3 3 3 3 0 0 0 0 -0.6098 -0.37392 -0.14685 0.18748 1.5708 1.5703 -1.5672 1.5708 0.3901 0.1681 -0.0389 -0.2437 
136 1.8883 2.7007 3.0383 3.7352 3 3 3 3 0 0 0 0 -0.60982 -0.37393 -0.14686 0.18749 1.5708 1.5703 -1.5672 1.5708 0.3901 0.1681 -0.0389 -0.2437 
137 1.8883 2.7008 3.0383 3.7352 3 3 3 3 0 0 0 0 -0.60984 -0.37394 -0.14686 0.18751 1.5708 1.5703 -1.5672 1.5708 0.3901 0.1681 -0.0389 -0.2437 
138 1.8883 2.7008 3.0383 3.7353 3 3 3 3 0 0 0 0 -0.60986 -0.37395 -0.14686 0.18752 1.5708 1.5703 -1.5672 1.5708 0.3901 0.1681 -0.0389 -0.2437 
139 1.8884 2.7008 3.0383 3.7353 3 3 3 3 0 0 0 0 -0.60989 -0.37396 -0.14686 0.18753 1.5708 1.5703 -1.5672 1.5708 0.3901 0.1681 -0.0389 -0.2437 
140 1.8884 2.7008 3.0383 3.7354 3 3 3 3 0 0 0 0 -0.60991 -0.37397 -0.14686 0.18754 1.5708 1.5703 -1.5672 1.5708 0.3901 0.1681 -0.0389 -0.2437 
141 1.8884 2.7008 3.0384 3.7354 3 3 3 3 0 0 0 0 -0.60993 -0.37399 -0.14687 0.18756 1.5708 1.5703 -1.5672 1.5708 0.3901 0.1681 -0.0389 -0.2437 
142 1.8884 2.7008 3.0384 3.7355 3 3 3 3 0 0 0 0 -0.60996 -0.374 -0.14687 0.18757 1.5708 1.5703 -1.5672 1.5708 0.3901 0.1681 -0.0389 -0.2437 
143 1.8884 2.7008 3.0384 3.7355 3 3 3 3 0 0 0 0 -0.60998 -0.37401 -0.14687 0.18758 1.5708 1.5703 -1.5672 1.5708 0.3901 0.1681 -0.0389 -0.2437 
144 1.8885 2.7009 3.0384 3.7355 3 3 3 3 0 0 0 0 -0.61 -0.37402 -0.14687 0.18759 1.5708 1.5703 -1.5672 1.5708 0.3901 0.1681 -0.0389 -0.2437 
145 1.8885 2.7009 3.0385 3.7356 3 3 3 3 0 0 0 0 -0.61002 -0.37403 -0.14687 0.1876 1.5708 1.5703 -1.5672 1.5708 0.3901 0.1681 -0.0389 -0.2437 
146 1.8885 2.7009 3.0385 3.7356 3 3 3 3 0 0 0 0 -0.61005 -0.37404 -0.14688 0.18762 1.5708 1.5702 -1.5672 1.5708 0.3901 0.1681 -0.0389 -0.2437 
147 1.8885 2.7009 3.0385 3.7357 3 3 3 3 0 0 0 0 -0.61007 -0.37405 -0.14688 0.18763 1.5708 1.5702 -1.5672 1.5708 0.3901 0.1681 -0.0389 -0.2437 
148 1.8885 2.7009 3.0385 3.7357 3 3 3 3 0 0 0 0 -0.61009 -0.37406 -0.14688 0.18764 1.5708 1.5702 -1.5672 1.5708 0.3901 0.1681 -0.0389 -0.2437 
149 1.8886 2.7009 3.0385 3.7358 3 3 3 3 0 0 0 0 -0.61012 -0.37407 -0.14688 0.18765 1.5708 1.5702 -1.5672 1.5708 0.3901 0.1681 -0.0389 -0.2437 
150 1.8886 2.7009 3.0386 3.7358 3 3 3 3 0 0 0 0 -0.61014 -0.37408 -0.14688 0.18767 1.5708 1.5702 -1.5672 1.5708 0.3901 0.1681 -0.0389 -0.2437 
151 1.8886 2.701 3.0386 3.7358 3 3 3 3 0 0 0 0 -0.61016 -0.37409 -0.14688 0.18768 1.5708 1.5702 -1.5672 1.5708 0.3901 0.1681 -0.0389 -0.2437 
152 1.8886 2.701 3.0386 3.7359 3 3 3 3 0 0 0 0 -0.61019 -0.3741 -0.14689 0.18769 1.5708 1.5702 -1.5672 1.5708 0.3901 0.1681 -0.0389 -0.2437 
153 1.8887 2.701 3.0386 3.7359 3 3 3 3 0 0 0 0 -0.61021 -0.37411 -0.14689 0.1877 1.5708 1.5702 -1.5672 1.5708 0.3901 0.1681 -0.0389 -0.2437 
154 1.8887 2.701 3.0386 3.736 3 3 3 3 0 0 0 0 -0.61023 -0.37412 -0.14689 0.18771 1.5708 1.5702 -1.5672 1.5708 0.3901 0.1681 -0.0389 -0.2437 
155 1.8887 2.701 3.0387 3.736 3 3 3 3 0 0 0 0 -0.61025 -0.37414 -0.14689 0.18773 1.5708 1.5702 -1.5672 1.5708 0.3901 0.1681 -0.0389 -0.2437 
156 1.8887 2.701 3.0387 3.7361 3 3 3 3 0 0 0 0 -0.61028 -0.37415 -0.14689 0.18774 1.5708 1.5702 -1.5672 1.5708 0.3901 0.1681 -0.0389 -0.2437 
157 1.8887 2.701 3.0387 3.7361 3 3 3 3 0 0 0 0 -0.6103 -0.37416 -0.14689 0.18775 1.5708 1.5702 -1.5673 1.5708 0.3901 0.1681 -0.0389 -0.2437 
158 1.8888 2.701 3.0387 3.7362 3 3 3 3 0 0 0 0 -0.61032 -0.37417 -0.14689 0.18776 1.5708 1.5702 -1.5673 1.5708 0.3901 0.1681 -0.0389 -0.2437 
159 1.8888 2.7011 3.0388 3.7362 3 3 3 3 0 0 0 0 -0.61035 -0.37418 -0.14689 0.18777 1.5708 1.5702 -1.5673 1.5708 0.3901 0.1681 -0.0389 -0.2437 
160 1.8888 2.7011 3.0388 3.7362 3 3 3 3 0 0 0 0 -0.61037 -0.37419 -0.1469 0.18778 1.5708 1.5702 -1.5673 1.5708 0.3901 0.1681 -0.0389 -0.2437 
161 1.8888 2.7011 3.0388 3.7363 3 3 3 3 0 0 0 0 -0.61039 -0.3742 -0.1469 0.1878 1.5708 1.5701 -1.5673 1.5708 0.3901 0.1681 -0.0389 -0.2437 
162 1.8888 2.7011 3.0388 3.7363 3 3 3 3 0 0 0 0 -0.61042 -0.37421 -0.1469 0.18781 1.5708 1.5701 -1.5673 1.5708 0.3901 0.1681 -0.0389 -0.2437 
163 1.8889 2.7011 3.0388 3.7364 3 3 3 3 0 0 0 0 -0.61044 -0.37422 -0.1469 0.18782 1.5708 1.5701 -1.5673 1.5708 0.3901 0.1681 -0.0389 -0.2437 
164 1.8889 2.7011 3.0389 3.7364 3 3 3 3 0 0 0 0 -0.61046 -0.37423 -0.1469 0.18783 1.5708 1.5701 -1.5673 1.5708 0.3901 0.1681 -0.0389 -0.2437 
165 1.8889 2.7011 3.0389 3.7365 3 3 3 3 0 0 0 0 -0.61048 -0.37424 -0.1469 0.18784 1.5708 1.5701 -1.5673 1.5708 0.3901 0.1681 -0.0389 -0.2437 
166 1.8889 2.7011 3.0389 3.7365 3 3 3 3 0 0 0 0 -0.61051 -0.37426 -0.1469 0.18785 1.5708 1.5701 -1.5673 1.5708 0.3901 0.1681 -0.0389 -0.2437 
167 1.8889 2.7012 3.0389 3.7366 3 3 3 3 0 0 0 0 -0.61053 -0.37427 -0.1469 0.18787 1.5708 1.5701 -1.5673 1.5708 0.3901 0.1681 -0.0389 -0.2437 
168 1.889 2.7012 3.039 3.7366 3 3 3 3 0 0 0 0 -0.61055 -0.37428 -0.1469 0.18788 1.5708 1.5701 -1.5673 1.5708 0.3901 0.1681 -0.0389 -0.2437 
169 1.889 2.7012 3.039 3.7367 3 3 3 3 0 0 0 0 -0.61058 -0.37429 -0.1469 0.18789 1.5708 1.5701 -1.5673 1.5708 0.3901 0.1681 -0.0389 -0.2437 
170 1.889 2.7012 3.039 3.7367 3 3 3 3 0 0 0 0 -0.6106 -0.3743 -0.1469 0.1879 1.5708 1.5701 -1.5673 1.5708 0.3901 0.1681 -0.0389 -0.2437 
171 1.889 2.7012 3.039 3.7367 3 3 3 3 0 0 0 0 -0.61062 -0.37431 -0.1469 0.18791 1.5708 1.5701 -1.5673 1.5708 0.3901 0.1681 -0.0389 -0.2437 
172 1.889 2.7012 3.039 3.7368 3 3 3 3 0 0 0 0 -0.61065 -0.37432 -0.1469 0.18792 1.5708 1.5701 -1.5673 1.5708 0.3901 0.1681 -0.0389 -0.2437 
173 1.8891 2.7012 3.0391 3.7368 3 3 3 3 0 0 0 0 -0.61067 -0.37433 -0.1469 0.18793 1.5708 1.5701 -1.5673 1.5708 0.3901 0.1681 -0.0389 -0.2437 
174 1.8891 2.7013 3.0391 3.7369 3 3 3 3 0 0 0 0 -0.61069 -0.37435 -0.1469 0.18794 1.5708 1.5701 -1.5673 1.5708 0.3901 0.1681 -0.0389 -0.2437 
175 1.8891 2.7013 3.0391 3.7369 3 3 3 3 0 0 0 0 -0.61072 -0.37436 -0.1469 0.18796 1.5708 1.5701 -1.5673 1.5708 0.3901 0.1681 -0.0389 -0.2437 
176 1.8891 2.7013 3.0391 3.737 3 3 3 3 0 0 0 0 -0.61074 -0.37437 -0.1469 0.18797 1.5708 1.5701 -1.5673 1.5708 0.3901 0.1681 -0.0389 -0.2437 
177 1.8891 2.7013 3.0392 3.737 3 3 3 3 0 0 0 0 -0.61076 -0.37438 -0.1469 0.18798 1.5708 1.5701 -1.5673 1.5708 0.3901 0.1681 -0.0389 -0.2437 
178 1.8892 2.7013 3.0392 3.7371 3 3 3 3 0 0 0 0 -0.61079 -0.37439 -0.1469 0.18799 1.5708 1.5701 -1.5673 1.5708 0.3901 0.1681 -0.0389 -0.2437 
179 1.8892 2.7013 3.0392 3.7371 3 3 3 3 0 0 0 0 -0.61081 -0.3744 -0.1469 0.188 1.5708 1.5701 -1.5673 1.5708 0.3901 0.1681 -0.0389 -0.2437 
180 1.8892 2.7013 3.0392 3.7372 3 3 3 3 0 0 0 0 -0.61083 -0.37441 -0.1469 0.18801 1.5708 1.5701 -1.5673 1.5708 0.3901 0.1681 -0.0389 -0.2437 
181 1.8892 2.7013 3.0392 3.7372 3 3 3 3 0 0 0 0 -0.61086 -0.37443 -0.1469 0.18802 1.5708 1.5701 -1.5673 1.5708 0.3901 0.1681 -0.0389 -0.2437 
182 1.8892 2.7013 3.0393 3.7373 3 3 3 3 0 0 0 0 -0.61088 -0.37444 -0.1469 0.18803 1.5708 1.5701 -1.5673 1.5708 0.3901 0.1681 -0.0389 -0.2437 
183 1.8892 2.7014 3.0393 3.7373 3 3 3 3 0 0 0 0 -0.6109 -0.37445 -0.1469 0.18804 1.5708 1.57 -1.5673 1.5708 0.3901 0.1681 -0.0389 -0.2437 
184 1.8893 2.7014 3.0393 3.7374 3 3 3 3 0 0 0 0 -0.61093 -0.37446 -0.1469 0.18805 1.5708 1.57 -1.5673 1.5708 0.3901 0.1681 -0.0389 -0.2437 
185 1.8893 2.7014 3.0393 3.7374 3 3 3 3 0 0 0 0 -0.61095 -0.37447 -0.1469 0.18806 1.5708 1.57 -1.5673 1.5708 0.3901 0.1681 -0.0389 -0.2437 
186 1.8893 2.7014 3.0393 3.7375 3 3 3 3 0 0 0 0 -0.61097 -0.37449 -0.1469 0.18807 1.5708 1.57 -1.5673 1.5708 0.3901 0.1681 -0.0389 -0.2437 
187 1.8893 2.7014 3.0394 3.7375 3 3 3 3 0 0 0 0 -0.611 -0.3745 -0.1469 0.18809 1.5708 1.57 -1.5673 1.5708 0.3901 0.1681 -0.0389 -0.2437 
188 1.8893 2.7014 3.0394 3.7375 3 3 3 3 0 0 0 0 -0.61102 -0.37451 -0.1469 0.1881 1.5708 1.57 -1.5673 1.5708 0.3901 0.1681 -0.0389 -0.2437 
189 1.8894 2.7014 3.0394 3.7376 3 3 3 3 0 0 0 0 -0.61104 -0.37452 -0.1469 0.18811 1.5708 1.57 -1.5674 1.5708 0.3901 0.1681 -0.0389 -0.2437 
190 1.8894 2.7014 3.0394 3.7376 3 3 3 3 0 0 0 0 -0.61107 -0.37453 -0.1469 0.18812 1.5708 1.57 -1.5674 1.5708 0.3901 0.1681 -0.0389 -0.2437 
191 1.8894 2.7014 3.0395 3.7377 3 3 3 3 0 0 0 0 -0.61109 -0.37455 -0.1469 0.18813 1.5708 1.57 -1.5674 1.5708 0.3901 0.1681 -0.0389 -0.2437 
192 1.8894 2.7015 3.0395 3.7377 3 3 3 3 0 0 0 0 -0.61111 -0.37456 -0.1469 0.18814 1.5708 1.57 -1.5674 1.5708 0.3901 0.1681 -0.0389 -0.2437 
193 1.8894 2.7015 3.0395 3.7378 3 3 3 3 0 0 0 0 -0.61114 -0.37457 -0.1469 0.18815 1.5708 1.57 -1.5674 1.5708 0.3901 0.1681 -0.0389 -0.2437 
194 1.8894 2.7015 3.0395 3.7378 3 3 3 3 0 0 0 0 -0.61116 -0.37458 -0.1469 0.18816 1.5708 1.57 -1.5674 1.5708 0.3901 0.1681 -0.0389 -0.2437 
195 1.8895 2.7015 3.0395 3.7379 3 3 3 3 0 0 0 0 -0.61118 -0.37459 -0.1469 0.18817 1.5708 1.57 -1.5674 1.5708 0.3901 0.1681 -0.0389 -0.2437 
196 1.8895 2.7015 3.0396 3.7379 3 3 3 3 0 0 0 0 -0.61121 -0.37461 -0.1469 0.18818 1.5708 1.57 -1.5674 1.5708 0.3901 0.1681 -0.0389 -0.2437 
197 1.8895 2.7015 3.0396 3.738 3 3 3 3 0 0 0 0 -0.61123 -0.37462 -0.1469 0.18819 1.5708 1.57 -1.5674 1.5708 0.3901 0.1681 -0.0389 -0.2437 
198 1.8895 2.7015 3.0396 3.738 3 3 3 3 0 0 0 0 -0.61125 -0.37463 -0.1469 0.1882 1.5708 1.57 -1.5674 1.5708 0.3901 0.1681 -0.0389 -0.2437 
199 1.8895 2.7015 3.0396 3.7381 3 3 3 3 0 0 0 0 -0.61128 -0.37464 -0.1469 0.18821 1.5708 1.57 -1.5674 1.5708 0.3901 0.1681 -0.0389 -0.2437 
200 1.8895 2.7015 3.0396 3.7381 3 3 3 3 0 0 0 0 -0.6113 -0.37466 -0.1469 0.18822 1.5708 1.57 -1.5674 1.5708 0.3901 0.1681 -0.0389 -0.2437 
201 1.8896 2.7015 3.0397 3.7382 3 3 3 3 0 0 0 0 -0.61133 -0.37467 -0.1469 0.18823 1.5708 1.57 -1.5674 1.5708 0.3901 0.1681 -0.0389 -0.2437 
202 1.8896 2.7016 3.0397 3.7382 3 3 3 3 0 0 0 0 -0.61135 -0.37468 -0.1469 0.18824 1.5708 1.57 -1.5674 1.5708 0.3901 0.1681 -0.0389 -0.2437 
203 1.8896 2.7016 3.0397 3.7383 3 3 3 3 0 0 0 0 -0.61137 -0.37469 -0.1469 0.18825 1.5708 1.57 -1.5674 1.5708 0.3901 0.1681 -0.0389 -0.2437 
204 1.8896 2.7016 3.0397 3.7383 3 3 3 3 0 0 0 0 -0.6114 -0.3747 -0.1469 0.18826 1.5708 1.57 -1.5674 1.5708 0.3901 0.1681 -0.0389 -0.2437 
205 1.8896 2.7016 3.0397 3.7384 3 3 3 3 0 0 0 0 -0.61142 -0.37472 -0.1469 0.18827 1.5708 1.57 -1.5674 1.5708 0.3901 0.1681 -0.0389 -0.2437 
206 1.8896 2.7016 3.0398 3.7384 3 3 3 3 0 0 0 0 -0.61144 -0.37473 -0.1469 0.18828 1.5708 1.57 -1.5674 1.5708 0.3901 0.1681 -0.0389 -0.2437 
207 1.8897 2.7016 3.0398 3.7385 3 3 3 3 0 0 0 0 -0.61147 -0.37474 -0.1469 0.18829 1.5708 1.57 -1.5674 1.5708 0.3901 0.1681 -0.0389 -0.2437 
208 1.8897 2.7016 3.0398 3.7385 3 3 3 3 0 0 0 0 -0.61149 -0.37475 -0.1469 0.1883 1.5708 1.57 -1.5674 1.5708 0.3901 0.1681 -0.0389 -0.2437 
209 1.8897 2.7016 3.0398 3.7386 3 3 3 3 0 0 0 0 -0.61151 -0.37477 -0.1469 0.18831 1.5708 1.57 -1.5674 1.5708 0.3901 0.1681 -0.0389 -0.2437 
210 1.8897 2.7016 3.0398 3.7386 3 3 3 3 0 0 0 0 -0.61154 -0.37478 -0.1469 0.18832 1.5708 1.57 -1.5674 1.5708 0.3901 0.1681 -0.0389 -0.2437 
211 1.8897 2.7016 3.0399 3.7387 3 3 3 3 0 0 0 0 -0.61156 -0.37479 -0.1469 0.18833 1.5708 1.57 -1.5674 1.5708 0.3901 0.1681 -0.0389 -0.2437 
212 1.8897 2.7016 3.0399 3.7387 3 3 3 3 0 0 0 0 -0.61159 -0.3748 -0.1469 0.18834 1.5708 1.57 -1.5674 1.5708 0.3901 0.1681 -0.0389 -0.2437 
213 1.8898 2.7017 3.0399 3.7388 3 3 3 3 0 0 0 0 -0.61161 -0.37482 -0.1469 0.18835 1.5708 1.57 -1.5674 1.5708 0.3901 0.1681 -0.0389 -0.2437 
214 1.8898 2.7017 3.0399 3.7388 3 3 3 3 0 0 0 0 -0.61163 -0.37483 -0.1469 0.18836 1.5708 1.5699 -1.5674 1.5708 0.3901 0.1681 -0.0389 -0.2437 
215 1.8898 2.7017 3.0399 3.7389 3 3 3 3 0 0 0 0 -0.61166 -0.37484 -0.1469 0.18837 1.5708 1.5699 -1.5674 1.5708 0.3901 0.1681 -0.0389 -0.2437 
216 1.8898 2.7017 3.04 3.7389 3 3 3 3 0 0 0 0 -0.61168 -0.37485 -0.1469 0.18838 1.5708 1.5699 -1.5674 1.5708 0.3901 0.1681 -0.0389 -0.2437 
217 1.8898 2.7017 3.04 3.739 3 3 3 3 0 0 0 0 -0.6117 -0.37486 -0.1469 0.18839 1.5708 1.5699 -1.5674 1.5708 0.3901 0.1681 -0.0389 -0.2437 
218 1.8898 2.7017 3.04 3.739 3 3 3 3 0 0 0 0 -0.61173 -0.37488 -0.1469 0.1884 1.5708 1.5699 -1.5674 1.5708 0.3901 0.1681 -0.0389 -0.2437 
219 1.8899 2.7017 3.04 3.7391 3 3 3 3 0 0 0 0 -0.61175 -0.37489 -0.1469 0.18841 1.5708 1.5699 -1.5674 1.5708 0.3901 0.1681 -0.0389 -0.2437 
220 1.8899 2.7017 3.0401 3.7391 3 3 3 3 0 0 0 0 -0.61178 -0.3749 -0.1469 0.18843 1.5708 1.5699 -1.5674 1.5708 0.3901 0.1681 -0.0389 -0.2437 
221 1.8899 2.7017 3.0401 3.7392 3 3 3 3 0 0 0 0 -0.6118 -0.37491 -0.1469 0.18844 1.5708 1.5699 -1.5674 1.5708 0.3901 0.1681 -0.0389 -0.2437 
222 1.8899 2.7017 3.0401 3.7392 3 3 3 3 0 0 0 0 -0.61182 -0.37493 -0.1469 0.18845 1.5708 1.5699 -1.5674 1.5708 0.3901 0.1681 -0.0389 -0.2437 
223 1.8899 2.7018 3.0401 3.7393 3 3 3 3 0 0 0 0 -0.61185 -0.37494 -0.1469 0.18846 1.5708 1.5699 -1.5674 1.5708 0.3901 0.1681 -0.0389 -0.2437 
224 1.8899 2.7018 3.0401 3.7393 3 3 3 3 0 0 0 0 -0.61187 -0.37495 -0.1469 0.18847 1.5708 1.5699 -1.5674 1.5708 0.3901 0.1681 -0.0389 -0.2437 
225 1.89 2.7018 3.0402 3.7394 3 3 3 3 0 0 0 0 -0.61189 -0.37496 -0.1469 0.18848 1.5708 1.5699 -1.5674 1.5708 0.3901 0.1681 -0.0389 -0.2437 
226 1.89 2.7018 3.0402 3.7394 3 3 3 3 0 0 0 0 -0.61192 -0.37497 -0.1469 0.18849 1.5708 1.5699 -1.5674 1.5708 0.3901 0.1681 -0.0389 -0.2437 
227 1.89 2.7018 3.0402 3.7394 3 3 3 3 0 0 0 0 -0.61194 -0.37499 -0.1469 0.1885 1.5708 1.5699 -1.5674 1.5708 0.3901 0.1681 -0.0389 -0.2437 
228 1.89 2.7018 3.0402 3.7395 3 3 3 3 0 0 0 0 -0.61197 -0.375 -0.1469 0.18851 1.5708 1.5699 -1.5674 1.5708 0.3901 0.1681 -0.0389 -0.2437 
229 1.89 2.7018 3.0402 3.7395 3 3 3 3 0 0 0 0 -0.61199 -0.37501 -0.1469 0.18852 1.5708 1.5699 -1.5674 1.5708 0.3901 0.1681 -0.0389 -0.2437 
230 1.89 2.7018 3.0403 3.7396 3 3 3 3 0 0 0 0 -0.61201 -0.37502 -0.1469 0.18853 1.5708 1.5699 -1.5674 1.5708 0.3901 0.1681 -0.0389 -0.2437 
231 1.8901 2.7018 3.0403 3.7396 3 3 3 3 0 0 0 0 -0.61204 -0.37503 -0.1469 0.18854 1.5708 1.5699 -1.5674 1.5708 0.3901 0.1681 -0.0389 -0.2437 
232 1.8901 2.7018 3.0403 3.7397 3 3 3 3 0 0 0 0 -0.61206 -0.37504 -0.1469 0.18855 1.5708 1.5699 -1.5674 1.5708 0.3901 0.1681 -0.0389 -0.2437 
233 1.8901 2.7019 3.0403 3.7397 3 3 3 3 0 0 0 0 -0.61208 -0.37506 -0.1469 0.18856 1.5708 1.5699 -1.5674 1.5708 0.3901 0.1681 -0.0389 -0.2437 
234 1.8901 2.7019 3.0403 3.7398 3 3 3 3 0 0 0 0 -0.61211 -0.37507 -0.1469 0.18857 1.5708 1.5699 -1.5674 1.5708 0.3901 0.1681 -0.0389 -0.2437 
235 1.8901 2.7019 3.0404 3.7398 3 3 3 3 0 0 0 0 -0.61213 -0.37508 -0.1469 0.18858 1.5708 1.5699 -1.5675 1.5708 0.3901 0.1681 -0.0389 -0.2437 
236 1.8901 2.7019 3.0404 3.7399 3 3 3 3 0 0 0 0 -0.61215 -0.37509 -0.1469 0.18859 1.5708 1.5699 -1.5675 1.5708 0.3901 0.1681 -0.0389 -0.2437 
237 1.8902 2.7019 3.0404 3.7399 3 3 3 3 0 0 0 0 -0.61218 -0.3751 -0.1469 0.1886 1.5708 1.5699 -1.5675 1.5708 0.3901 0.1681 -0.0389 -0.2437 
238 1.8902 2.7019 3.0404 3.74 3 3 3 3 0 0 0 0 -0.6122 -0.37511 -0.1469 0.18861 1.5708 1.5699 -1.5675 1.5708 0.3901 0.1681 -0.0389 -0.2437 
239 1.8902 2.7019 3.0404 3.74 3 3 3 3 0 0 0 0 -0.61222 -0.37513 -0.1469 0.18862 1.5708 1.5699 -1.5675 1.5708 0.3901 0.1681 -0.0389 -0.2437 
240 1.8902 2.7019 3.0405 3.7401 3 3 3 3 0 0 0 0 -0.61225 -0.37514 -0.1469 0.18863 1.5708 1.5699 -1.5675 1.5708 0.3901 0.1681 -0.0389 -0.2437 
241 1.8902 2.7019 3.0405 3.7401 3 3 3 3 0 0 0 0 -0.61227 -0.37515 -0.1469 0.18864 1.5708 1.5699 -1.5675 1.5708 0.3901 0.1681 -0.0389 -0.2437 
242 1.8903 2.7019 3.0405 3.7402 3 3 3 3 0 0 0 0 -0.6123 -0.37516 -0.1469 0.18866 1.5708 1.5699 -1.5675 1.5708 0.3901 0.1681 -0.0389 -0.2437 
243 1.8903 2.702 3.0405 3.7402 3 3 3 3 0 0 0 0 -0.61232 -0.37517 -0.1469 0.18867 1.5708 1.5699 -1.5675 1.5708 0.3901 0.1681 -0.0389 -0.2437 
244 1.8903 2.702 3.0406 3.7403 3 3 3 3 0 0 0 0 -0.61234 -0.37518 -0.1469 0.18868 1.5708 1.5698 -1.5675 1.5708 0.3901 0.1681 -0.0389 -0.2437 
245 1.8903 2.702 3.0406 3.7403 3 3 3 3 0 0 0 0 -0.61237 -0.37519 -0.1469 0.18869 1.5708 1.5698 -1.5675 1.5708 0.3901 0.1681 -0.0389 -0.2437 
246 1.8903 2.702 3.0406 3.7404 3 3 3 3 0 0 0 0 -0.61239 -0.3752 -0.1469 0.1887 1.5708 1.5698 -1.5675 1.5708 0.3901 0.1681 -0.0389 -0.2437 
247 1.8903 2.702 3.0406 3.7404 3 3 3 3 0 0 0 0 -0.61241 -0.37522 -0.1469 0.18871 1.5708 1.5698 -1.5675 1.5708 0.3901 0.1681 -0.0389 -0.2437 
248 1.8904 2.702 3.0406 3.7405 3 3 3 3 0 0 0 0 -0.61244 -0.37523 -0.1469 0.18872 1.5708 1.5698 -1.5675 1.5708 0.3901 0.1681 -0.0389 -0.2437 
249 1.8904 2.702 3.0407 3.7405 3 3 3 3 0 0 0 0 -0.61246 -0.37524 -0.1469 0.18873 1.5708 1.5698 -1.5675 1.5708 0.3901 0.1681 -0.0389 -0.2437 
250 1.8904 2.702 3.0407 3.7406 3 3 3 3 0 0 0 0 -0.61248 -0.37525 -0.1469 0.18874 1.5708 1.5698 -1.5675 1.5708 0.3901 0.1681 -0.0389 -0.2437 
251 1.8904 2.7021 3.0407 3.7406 3 3 3 3 0 0 0 0 -0.61251 -0.37526 -0.1469 0.18875 1.5708 1.5698 -1.5675 1.5708 0.3901 0.1681 -0.0389 -0.2437 
252 1.8904 2.7021 3.0407 3.7407 3 3 3 3 0 0 0 0 -0.61253 -0.37527 -0.1469 0.18877 1.5708 1.5698 -1.5675 1.5708 0.3901 0.1681 -0.0389 -0.2437 
253 1.8905 2.7021 3.0408 3.7407 3 3 3 3 0 0 0 0 -0.61255 -0.37528 -0.1469 0.18878 1.5708 1.5698 -1.5675 1.5708 0.3901 0.1681 -0.0389 -0.2437 
254 1.8905 2.7021 3.0408 3.7408 3 3 3 3 0 0 0 0 -0.61258 -0.37529 -0.1469 0.18879 1.5708 1.5698 -1.5675 1.5708 0.3901 0.1681 -0.0389 -0.2437 
255 1.8905 2.7021 3.0408 3.7408 3 3 3 3 0 0 0 0 -0.6126 -0.3753 -0.1469 0.1888 1.5708 1.5698 -1.5675 1.5708 0.3901 0.1681 -0.0389 -0.2437 
256 1.8905 2.7021 3.0408 3.7408 3 3 3 3 0 0 0 0 -0.61262 -0.37531 -0.1469 0.18881 1.5708 1.5698 -1.5675 1.5708 0.3901 0.1681 -0.0389 -0.2437 
257 1.8905 2.7021 3.0408 3.7409 3 3 3 3 0 0 0 0 -0.61265 -0.37532 -0.1469 0.18882 1.5708 1.5698 -1.5675 1.5708 0.3901 0.1681 -0.0389 -0.2437 
258 1.8906 2.7021 3.0409 3.7409 3 3 3 3 0 0 0 0 -0.61267 -0.37533 -0.1469 0.18883 1.5708 1.5698 -1.5675 1.5708 0.3901 0.1681 -0.0389 -0.2437 
259 1.8906 2.7022 3.0409 3.741 3 3 3 3 0 0 0 0 -0.61269 -0.37534 -0.1469 0.18885 1.5708 1.5698 -1.5675 1.5708 0.3901 0.1681 -0.0389 -0.2437 
260 1.8906 2.7022 3.0409 3.741 3 3 3 3 0 0 0 0 -0.61272 -0.37535 -0.1469 0.18886 1.5708 1.5698 -1.5675 1.5708 0.3901 0.1681 -0.0389 -0.2437 
261 1.8906 2.7022 3.0409 3.7411 3 3 3 3 0 0 0 0 -0.61274 -0.37536 -0.1469 0.18887 1.5708 1.5698 -1.5675 1.5708 0.3901 0.1681 -0.0389 -0.2437 
262 1.8906 2.7022 3.041 3.7411 3 3 3 3 0 0 0 0 -0.61276 -0.37537 -0.1469 0.18888 1.5708 1.5698 -1.5675 1.5708 0.3901 0.1681 -0.0389 -0.2437 
263 1.8907 2.7022 3.041 3.7412 3 3 3 3 0 0 0 0 -0.61279 -0.37538 -0.1469 0.18889 1.5708 1.5698 -1.5675 1.5708 0.3901 0.1681 -0.0389 -0.2437 
264 1.8907 2.7022 3.041 3.7412 3 3 3 3 0 0 0 0 -0.61281 -0.37539 -0.1469 0.1889 1.5708 1.5698 -1.5675 1.5708 0.3901 0.1681 -0.0389 -0.2437 
265 1.8907 2.7022 3.041 3.7413 3 3 3 3 0 0 0 0 -0.61283 -0.3754 -0.1469 0.18892 1.5708 1.5698 -1.5675 1.5708 0.3901 0.1681 -0.0389 -0.2437 
266 1.8907 2.7022 3.0411 3.7413 3 3 3 3 0 0 0 0 -0.61286 -0.37541 -0.1469 0.18893 1.5708 1.5697 -1.5675 1.5708 0.3901 0.1681 -0.0389 -0.2437 
267 1.8907 2.7023 3.0411 3.7414 3 3 3 3 0 0 0 0 -0.61288 -0.37542 -0.1469 0.18894 1.5708 1.5697 -1.5675 1.5708 0.3901 0.1681 -0.0389 -0.2437 
268 1.8908 2.7023 3.0411 3.7414 3 3 3 3 0 0 0 0 -0.6129 -0.37543 -0.1469 0.18895 1.5708 1.5697 -1.5675 1.5708 0.3901 0.1681 -0.0389 -0.2437 
269 1.8908 2.7023 3.0411 3.7415 3 3 3 3 0 0 0 0 -0.61293 -0.37544 -0.1469 0.18896 1.5708 1.5697 -1.5675 1.5708 0.3901 0.1681 -0.0389 -0.2437 
270 1.8908 2.7023 3.0411 3.7415 3 3 3 3 0 0 0 0 -0.61295 -0.37545 -0.1469 0.18897 1.5708 1.5697 -1.5675 1.5708 0.3901 0.1681 -0.0389 -0.2437 
271 1.8908 2.7023 3.0412 3.7415 3 3 3 3 0 0 0 0 -0.61297 -0.37546 -0.1469 0.18899 1.5708 1.5697 -1.5675 1.5708 0.3901 0.1681 -0.0389 -0.2437 
272 1.8909 2.7023 3.0412 3.7416 3 3 3 3 0 0 0 0 -0.61299 -0.37547 -0.1469 0.189 1.5708 1.5697 -1.5675 1.5708 0.3901 0.1681 -0.0389 -0.2437 
273 1.8909 2.7023 3.0412 3.7416 3 3 3 3 0 0 0 0 -0.61302 -0.37548 -0.1469 0.18901 1.5708 1.5697 -1.5676 1.5708 0.3901 0.1681 -0.0389 -0.2437 
274 1.8909 2.7024 3.0412 3.7417 3 3 3 3 0 0 0 0 -0.61304 -0.37549 -0.1469 0.18902 1.5708 1.5697 -1.5676 1.5708 0.3901 0.1681 -0.0389 -0.2437 
275 1.8909 2.7024 3.0413 3.7417 3 3 3 3 0 0 0 0 -0.61306 -0.3755 -0.1469 0.18903 1.5708 1.5697 -1.5676 1.5708 0.3901 0.1681 -0.0389 -0.2437 
276 1.8909 2.7024 3.0413 3.7418 3 3 3 3 0 0 0 0 -0.61309 -0.37551 -0.1469 0.18905 1.5708 1.5697 -1.5676 1.5708 0.3901 0.1681 -0.0389 -0.2437 
277 1.891 2.7024 3.0413 3.7418 3 3 3 3 0 0 0 0 -0.61311 -0.37552 -0.1469 0.18906 1.5708 1.5697 -1.5676 1.5708 0.3901 0.1681 -0.0389 -0.2437 
278 1.891 2.7024 3.0413 3.7419 3 3 3 3 0 0 0 0 -0.61313 -0.37553 -0.1469 0.18907 1.5708 1.5697 -1.5676 1.5708 0.3901 0.1681 -0.0389 -0.2437 
279 1.891 2.7024 3.0414 3.7419 3 3 3 3 0 0 0 0 -0.61316 -0.37554 -0.1469 0.18908 1.5708 1.5697 -1.5676 1.5708 0.3901 0.1681 -0.0389 -0.2437 
280 1.891 2.7024 3.0414 3.742 3 3 3 3 0 0 0 0 -0.61318 -0.37555 -0.1469 0.18909 1.5708 1.5697 -1.5676 1.5708 0.3901 0.1681 -0.0389 -0.2437 
281 1.8911 2.7025 3.0414 3.742 3 3 3 3 0 0 0 0 -0.6132 -0.37556 -0.1469 0.18911 1.5708 1.5697 -1.5676 1.5708 0.3901 0.1681 -0.0389 -0.2437 
282 1.8911 2.7025 3.0414 3.7421 3 3 3 3 0 0 0 0 -0.61323 -0.37557 -0.1469 0.18912 1.5708 1.5697 -1.5676 1.5708 0.3901 0.1681 -0.0389 -0.2437 
283 1.8911 2.7025 3.0415 3.7421 3 3 3 3 0 0 0 0 -0.61325 -0.37558 -0.1469 0.18913 1.5708 1.5697 -1.5676 1.5708 0.3901 0.1681 -0.0389 -0.2437 
284 1.8911 2.7025 3.0415 3.7422 3 3 3 3 0 0 0 0 -0.61327 -0.37558 -0.1469 0.18914 1.5708 1.5696 -1.5676 1.5708 0.3901 0.1681 -0.0389 -0.2437 
285 1.8911 2.7025 3.0415 3.7422 3 3 3 3 0 0 0 0 -0.6133 -0.37559 -0.1469 0.18916 1.5708 1.5696 -1.5676 1.5708 0.3901 0.1681 -0.0389 -0.2437 
286 1.8912 2.7025 3.0415 3.7422 3 3 3 3 0 0 0 0 -0.61332 -0.3756 -0.1469 0.18917 1.5708 1.5696 -1.5676 1.5708 0.3901 0.1681 -0.0389 -0.2437 
287 1.8912 2.7026 3.0416 3.7423 3 3 3 3 0 0 0 0 -0.61334 -0.37561 -0.1469 0.18918 1.5708 1.5696 -1.5676 1.5708 0.3901 0.1681 -0.0389 -0.2437 
288 1.8912 2.7026 3.0416 3.7423 3 3 3 3 0 0 0 0 -0.61336 -0.37562 -0.1469 0.18919 1.5708 1.5696 -1.5676 1.5708 0.3901 0.1681 -0.0389 -0.2437 
289 1.8912 2.7026 3.0416 3.7424 3 3 3 3 0 0 0 0 -0.61339 -0.37563 -0.1469 0.18921 1.5708 1.5696 -1.5676 1.5708 0.3901 0.1681 -0.0389 -0.2437 
290 1.8913 2.7026 3.0416 3.7424 3 3 3 3 0 0 0 0 -0.61341 -0.37564 -0.1469 0.18922 1.5708 1.5696 -1.5676 1.5708 0.3901 0.1681 -0.0389 -0.2437 
291 1.8913 2.7026 3.0417 3.7425 3 3 3 3 0 0 0 0 -0.61343 -0.37565 -0.1469 0.18923 1.5708 1.5696 -1.5676 1.5708 0.3901 0.1681 -0.0389 -0.2437 
292 1.8913 2.7026 3.0417 3.7425 3 3 3 3 0 0 0 0 -0.61346 -0.37566 -0.1469 0.18924 1.5708 1.5696 -1.5676 1.5708 0.3901 0.1681 -0.0389 -0.2437 
293 1.8913 2.7026 3.0417 3.7426 3 3 3 3 0 0 0 0 -0.61348 -0.37567 -0.1469 0.18926 1.5708 1.5696 -1.5676 1.5708 0.3901 0.1681 -0.0389 -0.2437 
294 1.8914 2.7027 3.0417 3.7426 3 3 3 3 0 0 0 0 -0.6135 -0.37568 -0.1469 0.18927 1.5708 1.5696 -1.5676 1.5708 0.3901 0.1681 -0.0389 -0.2437 
295 1.8914 2.7027 3.0418 3.7427 3 3 3 3 0 0 0 0 -0.61353 -0.37569 -0.1469 0.18928 1.5708 1.5696 -1.5676 1.5708 0.3901 0.1681 -0.0389 -0.2437 
296 1.8914 2.7027 3.0418 3.7427 3 3 3 3 0 0 0 0 -0.61355 -0.37569 -0.1469 0.18929 1.5708 1.5696 -1.5676 1.5708 0.3901 0.1681 -0.0389 -0.2437 
297 1.8914 2.7027 3.0418 3.7428 3 3 3 3 0 0 0 0 -0.61357 -0.3757 -0.1469 0.18931 1.5708 1.5696 -1.5676 1.5708 0.3901 0.1681 -0.0389 -0.2437 
298 1.8915 2.7027 3.0418 3.7428 3 3 3 3 0 0 0 0 -0.6136 -0.37571 -0.1469 0.18932 1.5708 1.5696 -1.5676 1.5708 0.3901 0.1681 -0.0389 -0.2437 
299 1.8915 2.7027 3.0419 3.7428 3 3 3 3 0 0 0 0 -0.61362 -0.37572 -0.1469 0.18933 1.5708 1.5695 -1.5676 1.5708 0.3901 0.1681 -0.0389 -0.2437 
300 1.8915 2.7028 3.0419 3.7429 3 3 3 3 0 0 0 0 -0.61364 -0.37573 -0.1469 0.18934 1.5708 1.5695 -1.5676 1.5708 0.3901 0.1681 -0.0389 -0.2437 
301 1.8915 2.7028 3.0419 3.7429 3 3 3 3 0 0 0 0 -0.61366 -0.37574 -0.1469 0.18936 1.5708 1.5695 -1.5676 1.5708 0.3901 0.1681 -0.0389 -0.2437 
302 1.8916 2.7028 3.0419 3.743 3 3 3 3 0 0 0 0 -0.61369 -0.37575 -0.1469 0.18937 1.5708 1.5695 -1.5676 1.5708 0.3901 0.1681 -0.0389 -0.2437 
303 1.8916 2.7028 3.042 3.743 3 3 3 3 0 0 0 0 -0.61371 -0.37576 -0.1469 0.18938 1.5708 1.5695 -1.5676 1.5708 0.3901 0.1681 -0.0389 -0.2437 
304 1.8916 2.7028 3.042 3.7431 3 3 3 3 0 0 0 0 -0.61373 -0.37577 -0.1469 0.18939 1.5708 1.5695 -1.5676 1.5708 0.3901 0.1681 -0.0389 -0.2437 
305 1.8916 2.7028 3.042 3.7431 3 3 3 3 0 0 0 0 -0.61376 -0.37577 -0.1469 0.18941 1.5708 1.5695 -1.5677 1.5708 0.3901 0.1681 -0.0389 -0.2437 
306 1.8916 2.7029 3.042 3.7432 3 3 3 3 0 0 0 0 -0.61378 -0.37578 -0.1469 0.18942 1.5708 1.5695 -1.5677 1.5708 0.3901 0.1681 -0.0389 -0.2437 
307 1.8917 2.7029 3.0421 3.7432 3 3 3 3 0 0 0 0 -0.6138 -0.37579 -0.1469 0.18943 1.5708 1.5695 -1.5677 1.5708 0.3901 0.1681 -0.0389 -0.2437 
308 1.8917 2.7029 3.0421 3.7433 3 3 3 3 0 0 0 0 -0.61383 -0.3758 -0.1469 0.18944 1.5708 1.5695 -1.5677 1.5708 0.3901 0.1681 -0.0389 -0.2437 
309 1.8917 2.7029 3.0421 3.7433 3 3 3 3 0 0 0 0 -0.61385 -0.37581 -0.1469 0.18946 1.5708 1.5695 -1.5677 1.5708 0.3901 0.1681 -0.0389 -0.2437 
310 1.8917 2.7029 3.0421 3.7433 3 3 3 3 0 0 0 0 -0.61387 -0.37582 -0.1469 0.18947 1.5708 1.5695 -1.5677 1.5708 0.3901 0.1681 -0.0389 -0.2437 
311 1.8918 2.7029 3.0422 3.7434 3 3 3 3 0 0 0 0 -0.61389 -0.37583 -0.1469 0.18948 1.5708 1.5695 -1.5677 1.5708 0.3901 0.1681 -0.0389 -0.2437 
312 1.8918 2.703 3.0422 3.7434 3 3 3 3 0 0 0 0 -0.61392 -0.37583 -0.1469 0.1895 1.5708 1.5695 -1.5677 1.5708 0.3901 0.1681 -0.0389 -0.2437 
313 1.8918 2.703 3.0422 3.7435 3 3 3 3 0 0 0 0 -0.61394 -0.37584 -0.1469 0.18951 1.5708 1.5695 -1.5677 1.5708 0.3901 0.1681 -0.0389 -0.2437 
314 1.8918 2.703 3.0422 3.7435 3 3 3 3 0 0 0 0 -0.61396 -0.37585 -0.1469 0.18952 1.5708 1.5694 -1.5677 1.5708 0.3901 0.1681 -0.0389 -0.2437 
315 1.8919 2.703 3.0423 3.7436 3 3 3 3 0 0 0 0 -0.61399 -0.37586 -0.1469 0.18953 1.5708 1.5694 -1.5677 1.5708 0.3901 0.1681 -0.0389 -0.2437 
316 1.8919 2.703 3.0423 3.7436 3 3 3 3 0 0 0 0 -0.61401 -0.37587 -0.1469 0.18955 1.5708 1.5694 -1.5677 1.5708 0.3901 0.1681 -0.0389 -0.2437 
317 1.8919 2.703 3.0423 3.7437 3 3 3 3 0 0 0 0 -0.61403 -0.37588 -0.1469 0.18956 1.5708 1.5694 -1.5677 1.5708 0.3901 0.1681 -0.0389 -0.2437 
318 1.8919 2.7031 3.0423 3.7437 3 3 3 3 0 0 0 0 -0.61405 -0.37588 -0.1469 0.18957 1.5708 1.5694 -1.5677 1.5708 0.3901 0.1681 -0.0389 -0.2437 
319 1.892 2.7031 3.0424 3.7438 3 3 3 3 0 0 0 0 -0.61408 -0.37589 -0.1469 0.18959 1.5708 1.5694 -1.5677 1.5708 0.3901 0.1681 -0.0389 -0.2437 
320 1.892 2.7031 3.0424 3.7438 3 3 3 3 0 0 0 0 -0.6141 -0.3759 -0.1469 0.1896 1.5708 1.5694 -1.5677 1.5708 0.3901 0.1681 -0.0389 -0.2437 
